index,0,1,2
26457,0.042369944,0.183817818,0.773812238
26458,0.059841664,0.146251306,0.79390703
26459,0.048740626,0.047131164,0.90412821
26460,0.068500147,0.125118334,0.806381519
26461,0.127145025,0.171245985,0.70160899
26462,0.108812993,0.213553029,0.677633978
26463,0.544473646,0.442022228,0.013504126
26464,0.115590044,0.164652195,0.719757761
26465,0.053830268,0.092153239,0.854016493
26466,0.113448733,0.184652564,0.701898703
26467,0.138132568,0.161147228,0.700720204
26468,0.068818213,0.151010739,0.780171048
26469,0.305679929,0.161224099,0.533095972
26470,0.10108448,0.212504265,0.686411255
26471,0.09578923,0.247459105,0.656751665
26472,0.108730806,0.133249003,0.758020191
26473,0.072487583,0.130506109,0.797006308
26474,0.27073718,0.717817903,0.011444917
26475,0.177731749,0.289358927,0.532909324
26476,0.045234213,0.147330038,0.807435749
26477,0.079900189,0.133876059,0.786223752
26478,0.128023469,0.182011729,0.689964802
26479,0.035909431,0.129736946,0.834353623
26480,0.066340256,0.066809514,0.86685023
26481,0.100643087,0.212292524,0.687064389
26482,0.267951843,0.144773268,0.587274889
26483,0.075071411,0.196319519,0.72860907
26484,0.149009328,0.188913935,0.662076737
26485,0.03733057,0.069264521,0.893404909
26486,0.065197355,0.08797037,0.846832274
26487,0.049588071,0.17606412,0.774347809
26488,0.104388191,0.862242431,0.033369378
26489,0.070075816,0.20710499,0.722819193
26490,0.065168358,0.356969664,0.577861978
26491,0.050346257,0.1107078,0.838945943
26492,0.060392771,0.167666089,0.77194114
26493,0.437963555,0.551854014,0.010182431
26494,0.096890256,0.107969776,0.795139968
26495,0.08906939,0.084576086,0.826354524
26496,0.11241415,0.132880691,0.754705159
26497,0.063338798,0.39426021,0.542400992
26498,0.152442631,0.200289434,0.647267935
26499,0.068379458,0.136092792,0.79552775
26500,0.211456085,0.215236553,0.573307362
26501,0.167410137,0.127934168,0.704655695
26502,0.045219743,0.108897926,0.845882332
26503,0.181215333,0.403154802,0.415629865
26504,0.151572025,0.11861245,0.729815525
26505,0.039543281,0.080464664,0.879992055
26506,0.088871013,0.879310706,0.031818282
26507,0.175389039,0.8088675,0.015743462
26508,0.116719992,0.368222298,0.51505771
26509,0.193846439,0.095289957,0.710863603
26510,0.061971627,0.257937854,0.680090519
26511,0.070798547,0.199199854,0.730001599
26512,0.062346215,0.099865001,0.837788785
26513,0.06348727,0.178101478,0.758411253
26514,0.036675982,0.103673867,0.859650151
26515,0.196208829,0.086594541,0.71719663
26516,0.084729717,0.227428192,0.687842091
26517,0.224532189,0.764714566,0.010753245
26518,0.073400267,0.131817859,0.794781874
26519,0.316444111,0.075552354,0.608003535
26520,0.028216802,0.438222051,0.533561146
26521,0.103316788,0.208629953,0.688053259
26522,0.139483507,0.198355982,0.662160511
26523,0.043670675,0.079307313,0.877022012
26524,0.049420569,0.168146311,0.78243312
26525,0.100930004,0.168323932,0.730746063
26526,0.054556182,0.128570204,0.816873614
26527,0.10899702,0.158087256,0.732915724
26528,0.202346751,0.779182546,0.018470703
26529,0.046349699,0.029754872,0.923895429
26530,0.037487728,0.08971261,0.872799662
26531,0.078011407,0.096879325,0.825109268
26532,0.146782266,0.093388643,0.759829092
26533,0.096147929,0.074144245,0.829707826
26534,0.027283228,0.110530453,0.86218632
26535,0.069224528,0.129182921,0.801592551
26536,0.114061501,0.146277897,0.739660602
26537,0.103102162,0.068676282,0.828221555
26538,0.066520215,0.299686107,0.633793678
26539,0.080080002,0.103059888,0.81686011
26540,0.105233829,0.470994233,0.423771938
26541,0.038397022,0.178228014,0.783374963
26542,0.124804516,0.178589052,0.696606433
26543,0.117206387,0.080252203,0.80254141
26544,0.364723678,0.150921915,0.484354407
26545,0.086250652,0.182914498,0.730834849
26546,0.037850529,0.173157566,0.788991905
26547,0.113348251,0.116910205,0.769741544
26548,0.069531924,0.163455939,0.767012137
26549,0.286613615,0.697703683,0.015682703
26550,0.057215177,0.18597012,0.756814703
26551,0.032527566,0.1022368,0.865235633
26552,0.055403411,0.138579509,0.80601708
26553,0.095655975,0.096665037,0.807678988
26554,0.289402244,0.311395665,0.399202091
26555,0.156549956,0.188952002,0.654498042
26556,0.064582383,0.121349478,0.814068139
26557,0.106372132,0.209899147,0.683728722
26558,0.204107949,0.154605958,0.641286093
26559,0.084434162,0.101901594,0.813664244
26560,0.101928458,0.088967109,0.809104433
26561,0.086646169,0.185062881,0.72829095
26562,0.038754999,0.124223653,0.837021347
26563,0.050105445,0.087070262,0.862824293
26564,0.047231707,0.171108199,0.781660094
26565,0.090528353,0.252076075,0.657395572
26566,0.127337591,0.125304766,0.747357643
26567,0.060106938,0.093726399,0.846166664
26568,0.50936879,0.481065103,0.009566107
26569,0.058091985,0.116882448,0.825025566
26570,0.150049116,0.17886584,0.671085044
26571,0.098600306,0.08337516,0.818024534
26572,0.201405349,0.280480087,0.518114564
26573,0.110823465,0.097877361,0.791299174
26574,0.235170971,0.065956876,0.698872153
26575,0.099265849,0.121316392,0.779417759
26576,0.046755612,0.101242738,0.85200165
26577,0.059042318,0.10720208,0.833755602
26578,0.131776938,0.31075212,0.557470941
26579,0.229337028,0.760327157,0.010335815
26580,0.058080649,0.194437757,0.747481594
26581,0.20021644,0.214882077,0.584901483
26582,0.058632606,0.07727093,0.864096464
26583,0.056697803,0.095818123,0.847484075
26584,0.028561085,0.111372669,0.860066245
26585,0.151638969,0.215779046,0.632581985
26586,0.370456474,0.157738211,0.471805316
26587,0.291322701,0.333117314,0.375559986
26588,0.07039912,0.080602296,0.848998584
26589,0.033983868,0.086955666,0.879060466
26590,0.078673559,0.307295721,0.61403072
26591,0.120129988,0.86871751,0.011152502
26592,0.323888481,0.172904327,0.503207192
26593,0.171028675,0.216893253,0.612078072
26594,0.10629222,0.184410594,0.709297186
26595,0.072265366,0.085939691,0.841794944
26596,0.077419026,0.093800293,0.828780681
26597,0.088268079,0.402352684,0.509379237
26598,0.083270468,0.189223337,0.727506195
26599,0.111762127,0.095696203,0.79254167
26600,0.078014657,0.160435415,0.761549927
26601,0.061736046,0.08056919,0.857694764
26602,0.142015968,0.080031323,0.777952708
26603,0.118291655,0.215773717,0.665934628
26604,0.123311784,0.230559225,0.646128992
26605,0.075345549,0.112262209,0.812392242
26606,0.116343752,0.180339642,0.703316606
26607,0.168730379,0.811775711,0.01949391
26608,0.050998302,0.079277995,0.869723703
26609,0.112669259,0.178004602,0.70932614
26610,0.306241982,0.668216999,0.02554102
26611,0.206447085,0.227338568,0.566214347
26612,0.044989974,0.213282708,0.741727318
26613,0.302675679,0.112584172,0.584740149
26614,0.043902953,0.083547669,0.872549379
26615,0.046191143,0.173907184,0.779901673
26616,0.133566769,0.094469525,0.771963706
26617,0.108861574,0.146546525,0.7445919
26618,0.175946594,0.20205018,0.622003226
26619,0.094601022,0.154374324,0.751024654
26620,0.150708727,0.817465053,0.03182622
26621,0.10561422,0.094145353,0.800240427
26622,0.134812359,0.32908337,0.536104272
26623,0.04419297,0.267474526,0.688332504
26624,0.032670501,0.083662366,0.883667132
26625,0.214647133,0.185689613,0.599663254
26626,0.146765593,0.122408366,0.730826041
26627,0.106169858,0.120290697,0.773539445
26628,0.077693902,0.150307938,0.771998159
26629,0.127078879,0.171126063,0.701795058
26630,0.063770277,0.128353174,0.807876549
26631,0.064226221,0.086272755,0.849501024
26632,0.078030416,0.312789708,0.609179876
26633,0.087273466,0.09911874,0.813607794
26634,0.062916013,0.074982731,0.862101256
26635,0.040615887,0.165066571,0.794317543
26636,0.11406227,0.23115867,0.654779059
26637,0.045657127,0.092054561,0.862288312
26638,0.08063886,0.502529059,0.416832082
26639,0.190350055,0.202900051,0.606749894
26640,0.051017766,0.071358435,0.877623798
26641,0.175953041,0.494590911,0.329456048
26642,0.084573162,0.086361424,0.829065414
26643,0.078898133,0.140655867,0.780446
26644,0.1199977,0.096694992,0.783307308
26645,0.104139732,0.057404413,0.838455855
26646,0.242040053,0.192475849,0.565484098
26647,0.066656525,0.141371916,0.791971559
26648,0.161409375,0.226257269,0.612333356
26649,0.089188575,0.176971886,0.733839539
26650,0.334062318,0.634502872,0.03143481
26651,0.347257814,0.639345276,0.01339691
26652,0.277023608,0.123317196,0.599659196
26653,0.166011955,0.219762551,0.614225494
26654,0.172270186,0.28392976,0.543800054
26655,0.06020634,0.144626026,0.795167634
26656,0.116347339,0.129819905,0.753832756
26657,0.051351777,0.081336119,0.867312103
26658,0.087780058,0.133224382,0.77899556
26659,0.106141353,0.243498263,0.650360384
26660,0.219813947,0.205807728,0.574378326
26661,0.071878816,0.144157958,0.783963225
26662,0.057161673,0.16350824,0.779330087
26663,0.070515384,0.122356138,0.807128479
26664,0.125663771,0.172640375,0.701695854
26665,0.204119149,0.229843416,0.566037436
26666,0.067579599,0.305030691,0.62738971
26667,0.146696686,0.14927344,0.704029875
26668,0.062528509,0.202732934,0.734738557
26669,0.111284728,0.194338058,0.694377214
26670,0.112397286,0.175048631,0.712554084
26671,0.065356811,0.09315922,0.841483969
26672,0.044057728,0.160801012,0.795141261
26673,0.059590909,0.23162322,0.708785871
26674,0.23017164,0.107979977,0.661848382
26675,0.140918381,0.210304476,0.648777143
26676,0.109469348,0.115450987,0.775079665
26677,0.065881307,0.06020991,0.873908783
26678,0.133892257,0.295619948,0.570487795
26679,0.177053355,0.097815984,0.725130661
26680,0.027407082,0.080517222,0.892075696
26681,0.020702025,0.165426743,0.813871231
26682,0.152814343,0.088447085,0.758738572
26683,0.080569819,0.180033353,0.739396828
26684,0.030700989,0.151443675,0.817855336
26685,0.109620577,0.103122774,0.787256649
26686,0.097444012,0.110994863,0.791561125
26687,0.150842569,0.111181404,0.737976027
26688,0.181443377,0.282321005,0.536235618
26689,0.064791063,0.200231437,0.7349775
26690,0.045525413,0.110050661,0.844423927
26691,0.166208871,0.18812202,0.645669109
26692,0.043615984,0.396565892,0.559818124
26693,0.071265589,0.189394743,0.739339668
26694,0.461713162,0.526033417,0.012253421
26695,0.101183672,0.140584586,0.758231742
26696,0.065509999,0.14944419,0.785045811
26697,0.028936662,0.111838692,0.859224646
26698,0.100647873,0.086342182,0.813009945
26699,0.168074867,0.304611695,0.527313439
26700,0.0648993,0.158288066,0.776812635
26701,0.1895124,0.332527798,0.477959802
26702,0.099944362,0.299267785,0.600787853
26703,0.04535952,0.117989536,0.836650944
26704,0.065144925,0.195936973,0.738918102
26705,0.077313872,0.065574514,0.857111614
26706,0.100501692,0.128021298,0.77147701
26707,0.142373126,0.238632938,0.618993936
26708,0.083646573,0.147288216,0.769065212
26709,0.13803745,0.185232934,0.676729615
26710,0.137385067,0.147659444,0.71495549
26711,0.07372309,0.159494019,0.766782892
26712,0.054239361,0.12244535,0.823315289
26713,0.096292287,0.180370022,0.723337691
26714,0.082509776,0.178935118,0.738555106
26715,0.059487819,0.194181972,0.746330209
26716,0.048614902,0.423152148,0.52823295
26717,0.079185157,0.18867206,0.732142783
26718,0.086950069,0.252758227,0.660291704
26719,0.121921044,0.228979084,0.649099872
26720,0.043937395,0.149641512,0.806421093
26721,0.042512351,0.180377338,0.77711031
26722,0.19877048,0.124064948,0.677164572
26723,0.097124242,0.176474641,0.726401117
26724,0.240814621,0.235213703,0.523971676
26725,0.043349294,0.27866061,0.677990096
26726,0.14046734,0.34381924,0.51571342
26727,0.068054041,0.079780069,0.852165889
26728,0.142284828,0.134761991,0.722953181
26729,0.078638238,0.199545184,0.721816578
26730,0.135410256,0.305597895,0.558991849
26731,0.096934836,0.229880258,0.673184906
26732,0.148389851,0.840373854,0.011236296
26733,0.138577553,0.115768364,0.745654084
26734,0.043230147,0.153688597,0.803081256
26735,0.080615651,0.193241498,0.726142851
26736,0.100952635,0.15707486,0.741972505
26737,0.112351438,0.262379783,0.625268779
26738,0.049824928,0.101714491,0.848460581
26739,0.267881656,0.070897029,0.661221315
26740,0.059854733,0.151021544,0.789123723
26741,0.248201038,0.737694035,0.014104926
26742,0.073043052,0.10269731,0.824259638
26743,0.151072074,0.159164422,0.689763505
26744,0.090500907,0.098662955,0.810836138
26745,0.057434168,0.185076949,0.757488883
26746,0.112134419,0.182453694,0.705411886
26747,0.170374569,0.335608181,0.494017249
26748,0.338311014,0.257040079,0.404648906
26749,0.095041264,0.097006103,0.807952633
26750,0.157613401,0.084791951,0.757594648
26751,0.037168438,0.201967145,0.760864417
26752,0.04957068,0.450624472,0.499804847
26753,0.121195644,0.151932049,0.726872306
26754,0.105957736,0.0916269,0.802415365
26755,0.070667583,0.099264863,0.830067554
26756,0.140426875,0.190105265,0.669467861
26757,0.082277414,0.135176548,0.782546038
26758,0.061904325,0.289528194,0.648567481
26759,0.074821395,0.179851673,0.745326932
26760,0.215251186,0.294869929,0.489878885
26761,0.037129675,0.083830722,0.879039603
26762,0.034245572,0.100931132,0.864823296
26763,0.039020062,0.12871316,0.832266777
26764,0.145263024,0.128591994,0.726144982
26765,0.143180318,0.114636328,0.742183354
26766,0.091495035,0.349690346,0.558814619
26767,0.129513693,0.181790759,0.688695548
26768,0.066056788,0.92254896,0.011394252
26769,0.077320546,0.224112037,0.698567417
26770,0.242760575,0.31784458,0.439394845
26771,0.227406375,0.755303734,0.017289891
26772,0.182710659,0.073243475,0.744045866
26773,0.12331317,0.09294178,0.783745049
26774,0.203042724,0.1239939,0.672963377
26775,0.107773168,0.2638769,0.628349932
26776,0.03245198,0.106747559,0.860800461
26777,0.148463964,0.04930117,0.802234866
26778,0.074910874,0.124170316,0.80091881
26779,0.06271081,0.124781869,0.812507321
26780,0.071301684,0.18195541,0.746742906
26781,0.044983944,0.138931382,0.816084674
26782,0.06050973,0.067717775,0.871772495
26783,0.262024758,0.139274069,0.598701172
26784,0.070671757,0.226394133,0.702934111
26785,0.158934759,0.143824582,0.69724066
26786,0.184635514,0.105669712,0.709694775
26787,0.084537715,0.168781167,0.746681118
26788,0.180368504,0.11391314,0.705718356
26789,0.135927673,0.228172186,0.635900142
26790,0.074451575,0.117671382,0.807877043
26791,0.038292798,0.093883622,0.86782358
26792,0.067586358,0.146907081,0.78550656
26793,0.059740319,0.057989632,0.88227005
26794,0.065680494,0.107257395,0.827062112
26795,0.070499749,0.275482897,0.654017354
26796,0.282357662,0.694094794,0.023547544
26797,0.147119377,0.232748417,0.620132206
26798,0.197409963,0.237111537,0.5654785
26799,0.073250293,0.147646337,0.77910337
26800,0.121023237,0.845595226,0.033381537
26801,0.054628866,0.193176412,0.752194722
26802,0.105118854,0.186310046,0.7085711
26803,0.034438018,0.123559314,0.842002668
26804,0.0960615,0.187099738,0.716838762
26805,0.038615096,0.189640946,0.771743958
26806,0.038498745,0.085161984,0.876339271
26807,0.071568533,0.076573776,0.851857691
26808,0.050351412,0.266293918,0.68335467
26809,0.169961803,0.218081505,0.611956692
26810,0.070046148,0.173909907,0.756043945
26811,0.044445758,0.101063862,0.854490379
26812,0.061918402,0.105889632,0.832191966
26813,0.141171407,0.539515332,0.319313261
26814,0.073325062,0.123475774,0.803199163
26815,0.068271835,0.297421101,0.634307064
26816,0.068881193,0.215315432,0.715803375
26817,0.119401593,0.087541293,0.793057114
26818,0.142387585,0.112027653,0.745584762
26819,0.072452658,0.29839641,0.629150931
26820,0.29674254,0.688013309,0.015244151
26821,0.101046836,0.882964701,0.015988463
26822,0.099859345,0.105532013,0.794608641
26823,0.059444584,0.224783758,0.715771658
26824,0.070133811,0.1879488,0.741917389
26825,0.07296523,0.146699802,0.780334969
26826,0.096816098,0.081185335,0.821998566
26827,0.058086948,0.107843421,0.834069631
26828,0.054747521,0.084977144,0.860275335
26829,0.058804535,0.134206366,0.806989099
26830,0.128736944,0.189746149,0.681516906
26831,0.075089969,0.181124924,0.743785107
26832,0.017154158,0.048826038,0.934019804
26833,0.128365953,0.14280247,0.728831577
26834,0.032806141,0.18940812,0.777785739
26835,0.335344871,0.162717862,0.501937267
26836,0.220644847,0.538542428,0.240812724
26837,0.110914848,0.081018335,0.808066816
26838,0.088398194,0.352187781,0.559414024
26839,0.412290844,0.139932433,0.447776723
26840,0.205837365,0.280709942,0.513452693
26841,0.034983156,0.070300012,0.894716832
26842,0.041620897,0.086644263,0.871734841
26843,0.070767814,0.099328995,0.829903192
26844,0.164014103,0.371804606,0.464181291
26845,0.42978219,0.085166773,0.485051037
26846,0.108199923,0.058630705,0.833169373
26847,0.048401871,0.26972007,0.681878059
26848,0.147537233,0.119750908,0.732711859
26849,0.260878877,0.137614507,0.601506616
26850,0.150934826,0.187573542,0.661491632
26851,0.035471903,0.172562252,0.791965844
26852,0.063372723,0.385418445,0.551208832
26853,0.051158229,0.071393961,0.87744781
26854,0.143643625,0.846349696,0.010006679
26855,0.080725204,0.400944106,0.51833069
26856,0.080265824,0.143276639,0.776457537
26857,0.097547691,0.203458645,0.698993664
26858,0.114407737,0.302318705,0.583273559
26859,0.094590826,0.323085724,0.58232345
26860,0.040960021,0.2730114,0.686028579
26861,0.10643307,0.230600755,0.662966175
26862,0.077292649,0.090479493,0.832227859
26863,0.034182307,0.1238185,0.841999193
26864,0.068748604,0.159843411,0.771407985
26865,0.034094843,0.06808502,0.897820137
26866,0.054237604,0.144961441,0.800800955
26867,0.067367427,0.099509432,0.833123141
26868,0.031057538,0.097702803,0.871239659
26869,0.051831235,0.068916146,0.87925262
26870,0.145336151,0.286644065,0.568019784
26871,0.096486391,0.101317187,0.802196422
26872,0.102686328,0.130134526,0.767179146
26873,0.181428682,0.11426597,0.704305348
26874,0.119802573,0.202795318,0.677402109
26875,0.056185731,0.153431587,0.790382682
26876,0.024943352,0.060106644,0.914950003
26877,0.092887856,0.106911271,0.800200873
26878,0.110201592,0.236408278,0.65339013
26879,0.167534074,0.138495195,0.693970731
26880,0.182438031,0.107629336,0.709932634
26881,0.077865573,0.208634909,0.713499518
26882,0.320261804,0.078434095,0.601304101
26883,0.037600129,0.105465512,0.856934359
26884,0.07999909,0.306346844,0.613654066
26885,0.067232565,0.074053894,0.858713541
26886,0.072938286,0.144947169,0.782114545
26887,0.139651724,0.177942119,0.682406158
26888,0.209452554,0.182895342,0.607652104
26889,0.065606337,0.118347912,0.816045751
26890,0.186162367,0.205913623,0.60792401
26891,0.104749646,0.31023516,0.585015194
26892,0.29305849,0.233824535,0.473116975
26893,0.047448627,0.117472538,0.835078835
26894,0.072183852,0.165778132,0.762038016
26895,0.12384746,0.201628619,0.674523922
26896,0.115618324,0.219805786,0.664575889
26897,0.06327291,0.171253335,0.765473755
26898,0.082378014,0.137411474,0.780210512
26899,0.127448509,0.081668152,0.790883339
26900,0.100921537,0.183175428,0.715903035
26901,0.089008119,0.209532131,0.701459751
26902,0.04019118,0.053365918,0.906442901
26903,0.119737345,0.135267332,0.744995323
26904,0.297932186,0.675430448,0.026637366
26905,0.088983135,0.294583882,0.616432983
26906,0.089812462,0.114845663,0.795341876
26907,0.072613798,0.054155289,0.873230913
26908,0.057025085,0.163382725,0.77959219
26909,0.165383279,0.306108793,0.528507928
26910,0.085772072,0.1986007,0.715627228
26911,0.160483561,0.220896216,0.618620223
26912,0.054223215,0.195843157,0.749933627
26913,0.174724026,0.153428167,0.671847806
26914,0.06503131,0.213240683,0.721728007
26915,0.061096963,0.053706931,0.885196106
26916,0.151098224,0.837706867,0.011194909
26917,0.036516913,0.088983824,0.874499264
26918,0.049942156,0.115481049,0.834576795
26919,0.260294023,0.200933153,0.538772823
26920,0.169853122,0.178738417,0.651408461
26921,0.067642988,0.264573629,0.667783383
26922,0.127641119,0.513962309,0.358396572
26923,0.041627716,0.064441985,0.893930299
26924,0.031809347,0.084261808,0.883928845
26925,0.057764151,0.134605855,0.807629994
26926,0.155179258,0.177288819,0.667531922
26927,0.113122319,0.21698685,0.669890831
26928,0.102856405,0.862557196,0.034586399
26929,0.09491814,0.207850268,0.697231592
26930,0.052619137,0.319058685,0.628322178
26931,0.101335603,0.886277675,0.012386722
26932,0.120192258,0.149227699,0.730580042
26933,0.360074778,0.155696246,0.484228976
26934,0.054756484,0.141571767,0.803671749
26935,0.124078027,0.162934097,0.712987876
26936,0.108876189,0.096595393,0.794528418
26937,0.098606007,0.143144623,0.75824937
26938,0.278533758,0.701715852,0.019750389
26939,0.349803993,0.633278829,0.016917178
26940,0.134153947,0.268360133,0.59748592
26941,0.084491856,0.184921698,0.730586445
26942,0.065415783,0.10025469,0.834329527
26943,0.07977301,0.315060325,0.605166665
26944,0.087965802,0.227858274,0.684175924
26945,0.118698742,0.353519689,0.52778157
26946,0.035282038,0.166358777,0.798359185
26947,0.071484478,0.189958896,0.738556627
26948,0.077152086,0.190792902,0.732055012
26949,0.200169952,0.15036163,0.649468418
26950,0.10113563,0.076892095,0.821972276
26951,0.320778461,0.240063283,0.439158256
26952,0.156289001,0.174511973,0.669199026
26953,0.034250844,0.066421227,0.89932793
26954,0.18872431,0.12486991,0.68640578
26955,0.087238514,0.403624676,0.50913681
26956,0.151844071,0.190861155,0.657294774
26957,0.27196626,0.192730577,0.535303163
26958,0.178861189,0.225570732,0.595568079
26959,0.074758257,0.241322645,0.683919098
26960,0.192592164,0.124275357,0.683132479
26961,0.092395686,0.1520681,0.755536214
26962,0.076536647,0.320048409,0.603414944
26963,0.071265589,0.189394743,0.739339668
26964,0.074359288,0.220904491,0.704736221
26965,0.09362439,0.184867935,0.721507675
26966,0.115618324,0.219805786,0.664575889
26967,0.071685703,0.112144683,0.816169614
26968,0.063955338,0.261187662,0.674857001
26969,0.083454,0.167124289,0.749421711
26970,0.141181739,0.110944754,0.747873507
26971,0.12385913,0.220094344,0.656046526
26972,0.087445368,0.216581451,0.695973181
26973,0.042255923,0.119936988,0.837807089
26974,0.180989827,0.101532701,0.717477471
26975,0.107197518,0.062854861,0.82994762
26976,0.126848174,0.843490681,0.029661144
26977,0.104977113,0.164714756,0.730308131
26978,0.064078154,0.086027151,0.849894694
26979,0.114878685,0.324511365,0.56060995
26980,0.077420626,0.066329598,0.856249776
26981,0.097548862,0.185627381,0.716823757
26982,0.064027722,0.128699239,0.807273038
26983,0.070874882,0.195528327,0.733596791
26984,0.074130605,0.080684076,0.845185319
26985,0.14296398,0.425149839,0.43188618
26986,0.196049502,0.058385778,0.745564721
26987,0.105102489,0.267372196,0.627525315
26988,0.094768124,0.342914466,0.56231741
26989,0.129071613,0.204991188,0.665937199
26990,0.148278025,0.093571382,0.758150593
26991,0.080857984,0.068103134,0.851038882
26992,0.218196863,0.311725827,0.47007731
26993,0.10328327,0.116430382,0.780286348
26994,0.18711164,0.105129219,0.707759141
26995,0.071299119,0.183498656,0.745202225
26996,0.129898365,0.1812493,0.688852335
26997,0.217015171,0.193089341,0.589895488
26998,0.125312127,0.1146655,0.760022374
26999,0.138074339,0.180895029,0.681030632
27000,0.089829614,0.447697985,0.462472401
27001,0.055342305,0.178412287,0.766245407
27002,0.119481274,0.230180829,0.650337897
27003,0.23075536,0.113481018,0.655763622
27004,0.055238364,0.178097781,0.766663855
27005,0.056748542,0.327009671,0.616241787
27006,0.126282465,0.104126096,0.769591439
27007,0.079942599,0.481161527,0.438895873
27008,0.100600906,0.328336292,0.571062802
27009,0.087758946,0.112722884,0.79951817
27010,0.048518502,0.204707046,0.746774452
27011,0.111775542,0.28293578,0.605288678
27012,0.043544433,0.082307285,0.874148281
27013,0.190092844,0.094443812,0.715463344
27014,0.114496011,0.160537458,0.724966531
27015,0.171218595,0.395615334,0.433166071
27016,0.050112448,0.19977862,0.750108932
27017,0.08826705,0.149980316,0.761752634
27018,0.070320308,0.094341105,0.835338587
27019,0.058038939,0.173214875,0.768746186
27020,0.071180856,0.287083301,0.641735844
27021,0.065512723,0.152762815,0.781724462
27022,0.06986607,0.103809947,0.826323984
27023,0.167755747,0.296935378,0.535308876
27024,0.088422847,0.129108989,0.782468164
27025,0.102562864,0.063662155,0.833774981
27026,0.090127157,0.336277743,0.573595099
27027,0.193884997,0.066128486,0.739986517
27028,0.073717808,0.380063487,0.546218705
27029,0.071669426,0.267726203,0.660604371
27030,0.16213876,0.159558381,0.678302859
27031,0.367449121,0.236040909,0.39650997
27032,0.191231848,0.129211286,0.679556865
27033,0.060913386,0.084698686,0.854387928
27034,0.230947351,0.194674336,0.574378314
27035,0.30706598,0.159749763,0.533184257
27036,0.077237219,0.11350199,0.809260792
27037,0.166925707,0.149919547,0.683154746
27038,0.114192742,0.135645286,0.750161973
27039,0.173330423,0.132527925,0.694141652
27040,0.062269402,0.121496918,0.81623368
27041,0.033391943,0.064737235,0.901870822
27042,0.259234299,0.725847897,0.014917804
27043,0.057395422,0.095254908,0.847349671
27044,0.046543937,0.066126246,0.887329817
27045,0.020798313,0.089329306,0.889872381
27046,0.0857034,0.121668714,0.792627886
27047,0.139904119,0.419469162,0.440626719
27048,0.317702391,0.667141561,0.015156048
27049,0.221775581,0.36521968,0.413004739
27050,0.041551738,0.164496137,0.793952125
27051,0.05188329,0.203345977,0.744770733
27052,0.070193986,0.0925733,0.837232714
27053,0.093918205,0.249884079,0.656197716
27054,0.300391378,0.080847098,0.618761524
27055,0.163631657,0.82391629,0.012452053
27056,0.275549887,0.706003219,0.018446894
27057,0.044157403,0.219506621,0.736335976
27058,0.132497038,0.194622785,0.672880178
27059,0.106496198,0.135546835,0.757956966
27060,0.100738555,0.240787453,0.658473991
27061,0.24364009,0.116625451,0.639734459
27062,0.142750398,0.076740207,0.780509395
27063,0.085371595,0.152526797,0.762101608
27064,0.028156804,0.036528241,0.935314955
27065,0.107164497,0.236103729,0.656731775
27066,0.0769431,0.074060364,0.848996536
27067,0.152408723,0.179044044,0.668547232
27068,0.354729663,0.07733996,0.567930377
27069,0.070505089,0.115529887,0.813965024
27070,0.095466957,0.086838659,0.817694385
27071,0.074274255,0.119890173,0.805835572
27072,0.069722413,0.274614012,0.655663575
27073,0.063996668,0.174028364,0.761974967
27074,0.138605417,0.202271755,0.659122829
27075,0.154641585,0.142426315,0.7029321
27076,0.170033129,0.122027697,0.707939174
27077,0.040471509,0.047794883,0.911733608
27078,0.085259589,0.21166624,0.703074171
27079,0.126569192,0.159297779,0.714133029
27080,0.157538616,0.457178934,0.38528245
27081,0.122733107,0.097693923,0.77957297
27082,0.089210756,0.103686068,0.807103176
27083,0.151210707,0.096030043,0.75275925
27084,0.079636011,0.216143508,0.704220481
27085,0.074108922,0.144657404,0.781233673
27086,0.064201119,0.250042636,0.685756246
27087,0.125841102,0.146900656,0.727258242
27088,0.082845743,0.165215694,0.751938562
27089,0.066638057,0.181793956,0.751567987
27090,0.061325393,0.110980655,0.827693952
27091,0.187394233,0.209568283,0.603037484
27092,0.24829788,0.726012145,0.025689975
27093,0.148991281,0.355454593,0.495554126
27094,0.269187625,0.111214361,0.619598014
27095,0.055537754,0.077721551,0.866740695
27096,0.217985455,0.401487098,0.380527447
27097,0.136369884,0.363722628,0.499907487
27098,0.133379972,0.2358204,0.630799627
27099,0.069678245,0.093894568,0.836427188
27100,0.046087395,0.18522026,0.768692345
27101,0.115606028,0.248161677,0.636232295
27102,0.04654494,0.085055891,0.868399169
27103,0.065534906,0.156370216,0.778094879
27104,0.259820506,0.057057102,0.683122392
27105,0.087782922,0.053157359,0.859059719
27106,0.024547749,0.139902405,0.835549846
27107,0.075041619,0.20028782,0.724670561
27108,0.084428538,0.140072351,0.775499111
27109,0.125984268,0.152100311,0.721915421
27110,0.159820595,0.157928035,0.68225137
27111,0.083973914,0.136284615,0.779741471
27112,0.647772177,0.052350358,0.299877465
27113,0.133284659,0.12058625,0.746129091
27114,0.093829242,0.178546944,0.727623815
27115,0.12533948,0.286849423,0.587811096
27116,0.122829314,0.138433166,0.73873752
27117,0.179953877,0.748943424,0.071102699
27118,0.064613603,0.104116452,0.831269945
27119,0.153377366,0.502581268,0.344041365
27120,0.35974289,0.628094872,0.012162238
27121,0.204245282,0.785725875,0.010028843
27122,0.130765256,0.286856327,0.582378417
27123,0.072157344,0.142857792,0.784984864
27124,0.304619198,0.259831219,0.435549583
27125,0.152310132,0.144439448,0.70325042
27126,0.063446053,0.141707715,0.794846232
27127,0.107955117,0.200807282,0.691237601
27128,0.069410689,0.202098608,0.728490703
27129,0.165712357,0.225311098,0.608976545
27130,0.089220612,0.102416116,0.808363272
27131,0.287818014,0.082344954,0.629837032
27132,0.094790547,0.087949066,0.817260387
27133,0.04713129,0.294739108,0.658129602
27134,0.12809853,0.186629069,0.685272401
27135,0.079551548,0.909229892,0.01121856
27136,0.134043241,0.169179216,0.696777543
27137,0.117990494,0.113429404,0.768580102
27138,0.126897036,0.176921508,0.696181456
27139,0.03925263,0.114159548,0.846587822
27140,0.288224622,0.142264704,0.569510674
27141,0.091674908,0.15927387,0.749051222
27142,0.170161442,0.353540092,0.476298466
27143,0.089432996,0.061720973,0.84884603
27144,0.075042429,0.135716674,0.789240897
27145,0.180062131,0.206522116,0.613415753
27146,0.065561936,0.118331414,0.81610665
27147,0.075955318,0.209388126,0.714656556
27148,0.075601888,0.07024029,0.854157822
27149,0.128654774,0.24801816,0.623327066
27150,0.070065134,0.124878143,0.805056722
27151,0.099758618,0.102592274,0.797649109
27152,0.185376889,0.126071893,0.688551218
27153,0.03311633,0.0615743,0.90530937
27154,0.077461742,0.1669471,0.755591158
27155,0.077328307,0.153575159,0.769096534
27156,0.094923213,0.088090813,0.816985975
27157,0.051919047,0.242046636,0.706034317
27158,0.035424494,0.059734137,0.904841368
27159,0.032572083,0.108143908,0.859284009
27160,0.166639029,0.175560585,0.657800386
27161,0.119173409,0.106679043,0.774147548
27162,0.076981002,0.158789236,0.764229762
27163,0.074230444,0.089142235,0.836627321
27164,0.0668316,0.123280633,0.809887767
27165,0.077206388,0.071977956,0.850815657
27166,0.069028801,0.149526394,0.781444805
27167,0.054412685,0.116562269,0.829025045
27168,0.156766795,0.183543711,0.659689494
27169,0.080596294,0.096249657,0.823154049
27170,0.317611399,0.150367077,0.532021524
27171,0.18135537,0.164234463,0.654410167
27172,0.046896134,0.107006205,0.846097661
27173,0.044568102,0.153748617,0.801683281
27174,0.137734361,0.298315847,0.563949792
27175,0.313233979,0.103555582,0.583210439
27176,0.037923984,0.201742652,0.760333364
27177,0.094549535,0.149316703,0.756133763
27178,0.172153333,0.131901532,0.695945134
27179,0.055562328,0.185883495,0.758554177
27180,0.075599252,0.145635647,0.778765101
27181,0.179349201,0.133331185,0.687319614
27182,0.052002086,0.071473762,0.876524151
27183,0.055779003,0.208855658,0.735365339
27184,0.09158289,0.095334126,0.813082984
27185,0.057622021,0.108873192,0.833504787
27186,0.079287683,0.165312622,0.755399694
27187,0.118831117,0.197145518,0.684023364
27188,0.096378212,0.168198037,0.735423751
27189,0.037955296,0.042683742,0.919360962
27190,0.084437372,0.105943654,0.809618974
27191,0.240974596,0.747405622,0.011619783
27192,0.114351005,0.283387251,0.602261744
27193,0.084888159,0.149366719,0.765745122
27194,0.10126634,0.082322802,0.816410858
27195,0.076603397,0.134727617,0.788668986
27196,0.060973358,0.069414019,0.869612623
27197,0.101586862,0.330071823,0.568341315
27198,0.032059057,0.049349534,0.91859141
27199,0.081875737,0.170364663,0.7477596
27200,0.032626327,0.500818283,0.46655539
27201,0.044383012,0.125980143,0.829636846
27202,0.04720356,0.105857581,0.846938859
27203,0.076414781,0.116589904,0.806995315
27204,0.241223292,0.212883336,0.545893371
27205,0.063119669,0.149148338,0.787731993
27206,0.061497749,0.156112443,0.782389808
27207,0.054461963,0.142598526,0.802939512
27208,0.097332719,0.177350672,0.725316609
27209,0.182416054,0.127235867,0.690348079
27210,0.115504878,0.35299304,0.531502082
27211,0.059151984,0.103125359,0.837722657
27212,0.045893673,0.057198967,0.89690736
27213,0.080524882,0.132870461,0.786604657
27214,0.052864971,0.104213023,0.842922006
27215,0.062426279,0.110045679,0.827528041
27216,0.067471844,0.078981718,0.853546438
27217,0.472165878,0.108815923,0.419018199
27218,0.08423345,0.221017995,0.694748555
27219,0.186806238,0.187612075,0.625581687
27220,0.060009155,0.150861343,0.789129502
27221,0.248793873,0.227964686,0.523241441
27222,0.550370443,0.419820856,0.029808701
27223,0.051686203,0.157378383,0.790935413
27224,0.118477092,0.146707818,0.73481509
27225,0.040241109,0.102859814,0.856899077
27226,0.52058493,0.429634353,0.049780717
27227,0.448489546,0.541619074,0.00989138
27228,0.051567376,0.257465341,0.690967284
27229,0.074382944,0.141133928,0.784483128
27230,0.097450178,0.153514913,0.749034909
27231,0.0455811,0.11039483,0.84402407
27232,0.086067969,0.288579781,0.62535225
27233,0.248532655,0.251460886,0.50000646
27234,0.035740627,0.095137596,0.869121777
27235,0.034282135,0.20044047,0.765277395
27236,0.176334894,0.225763935,0.59790117
27237,0.255407805,0.280155806,0.464436389
27238,0.03783157,0.294050556,0.668117874
27239,0.062577693,0.234712696,0.702709611
27240,0.210528988,0.779364722,0.010106291
27241,0.19881588,0.184297092,0.616887028
27242,0.111330643,0.061243268,0.827426089
27243,0.177512831,0.12748764,0.694999529
27244,0.084326865,0.117927789,0.797745346
27245,0.176229079,0.060511272,0.763259649
27246,0.106878707,0.122961129,0.770160164
27247,0.11846413,0.153372844,0.728163026
27248,0.095057243,0.258803729,0.646139028
27249,0.039287536,0.0950313,0.865681163
27250,0.054777866,0.121889516,0.823332618
27251,0.044454062,0.179273444,0.776272495
27252,0.140796289,0.252061292,0.607142419
27253,0.10377675,0.167586588,0.728636662
27254,0.062040025,0.201948479,0.736011496
27255,0.065591272,0.159693539,0.774715188
27256,0.149569782,0.153242713,0.697187505
27257,0.285481205,0.100771733,0.613747061
27258,0.042416327,0.194748246,0.762835427
27259,0.065272712,0.177562905,0.757164383
27260,0.109556878,0.212967753,0.677475369
27261,0.103334289,0.359097235,0.537568476
27262,0.111219308,0.345781252,0.542999439
27263,0.32600942,0.398200726,0.275789854
27264,0.053543044,0.290152901,0.656304055
27265,0.065548809,0.18669619,0.747755001
27266,0.111522124,0.112903493,0.775574382
27267,0.158927517,0.238375314,0.602697169
27268,0.08229756,0.111370638,0.806331802
27269,0.069514972,0.177692066,0.752792962
27270,0.057967058,0.140541069,0.801491872
27271,0.095176959,0.191262906,0.713560135
27272,0.079211505,0.087030618,0.833757877
27273,0.160846662,0.216536438,0.6226169
27274,0.071541037,0.043750019,0.884708944
27275,0.050465454,0.129210203,0.820324343
27276,0.13664565,0.144600152,0.718754198
27277,0.061869702,0.061296928,0.876833371
27278,0.052572943,0.235835037,0.71159202
27279,0.130850314,0.095585134,0.773564553
27280,0.084727263,0.151928018,0.763344719
27281,0.343471187,0.104014217,0.552514596
27282,0.085817654,0.092036468,0.822145878
27283,0.206212208,0.770412309,0.023375483
27284,0.064454863,0.924905325,0.010639812
27285,0.316224341,0.154162836,0.529612823
27286,0.048265631,0.174037261,0.777697108
27287,0.155929917,0.199278366,0.644791718
27288,0.165514764,0.109147615,0.725337621
27289,0.079633985,0.230223884,0.690142131
27290,0.04646074,0.195730979,0.757808281
27291,0.086976761,0.081871666,0.831151573
27292,0.082436811,0.361558098,0.556005092
27293,0.287918331,0.110083786,0.601997883
27294,0.134136533,0.152556436,0.71330703
27295,0.072726029,0.148286383,0.778987588
27296,0.127981962,0.341438522,0.530579516
27297,0.080611569,0.078262656,0.841125775
27298,0.043444964,0.274292229,0.682262807
27299,0.173987792,0.189420992,0.636591216
27300,0.118112678,0.169754141,0.712133182
27301,0.111051789,0.252813322,0.63613489
27302,0.169068139,0.510308973,0.320622888
27303,0.150506273,0.075063031,0.774430696
27304,0.122281783,0.183580155,0.694138062
27305,0.053893777,0.17859703,0.767509193
27306,0.085928126,0.068426085,0.845645788
27307,0.072445139,0.147308085,0.780246776
27308,0.120323142,0.138721449,0.740955409
27309,0.074800772,0.19901065,0.726188578
27310,0.089879804,0.121609157,0.788511039
27311,0.048915483,0.086642321,0.864442197
27312,0.044575629,0.118345394,0.837078977
27313,0.124969356,0.213559404,0.66147124
27314,0.130357462,0.11555227,0.754090268
27315,0.053874362,0.198837562,0.747288076
27316,0.038494781,0.076746587,0.884758632
27317,0.285962276,0.705294887,0.008742837
27318,0.050383542,0.203095476,0.746520983
27319,0.069307936,0.072085998,0.858606066
27320,0.121050702,0.227265862,0.651683436
27321,0.089200548,0.120327131,0.790472321
27322,0.121024983,0.091993633,0.786981384
27323,0.09283639,0.26865259,0.638511021
27324,0.071415504,0.152376683,0.776207813
27325,0.066037432,0.144650705,0.789311863
27326,0.063786524,0.074109834,0.862103642
27327,0.230354669,0.714516328,0.055129003
27328,0.100078137,0.229684782,0.670237081
27329,0.046137853,0.04769387,0.906168277
27330,0.073384528,0.282526244,0.644089228
27331,0.404442043,0.084523182,0.511034775
27332,0.132345233,0.118780685,0.748874082
27333,0.072900144,0.140247691,0.786852165
27334,0.044874293,0.075765403,0.879360305
27335,0.051575743,0.13679204,0.811632218
27336,0.219252702,0.08189348,0.698853818
27337,0.231050165,0.158638351,0.610311484
27338,0.138497084,0.827947783,0.033555133
27339,0.149219239,0.24568523,0.605095531
27340,0.072713711,0.146275835,0.781010454
27341,0.043782674,0.15281459,0.803402737
27342,0.050790733,0.063754166,0.885455101
27343,0.016922951,0.037105851,0.945971198
27344,0.094884816,0.099095014,0.80602017
27345,0.170373368,0.157933783,0.67169285
27346,0.127633228,0.133377978,0.738988793
27347,0.082530353,0.136083363,0.781386284
27348,0.076265872,0.108195284,0.815538844
27349,0.092997322,0.099441165,0.807561514
27350,0.027746368,0.086703243,0.885550389
27351,0.066060609,0.11952599,0.8144134
27352,0.317897938,0.041368953,0.640733109
27353,0.101108531,0.13498992,0.763901549
27354,0.104226144,0.215145631,0.680628225
27355,0.084216827,0.093067109,0.822716063
27356,0.04639743,0.142332762,0.811269808
27357,0.119789811,0.145858803,0.734351386
27358,0.126370072,0.086774499,0.786855429
27359,0.041535916,0.242522166,0.715941917
27360,0.064205789,0.103621762,0.832172449
27361,0.071818775,0.919197097,0.008984129
27362,0.150622422,0.283942786,0.565434792
27363,0.150856851,0.188902363,0.660240786
27364,0.07198362,0.42433456,0.50368182
27365,0.36675034,0.113726727,0.519522934
27366,0.118080041,0.284183431,0.597736528
27367,0.110504953,0.108857813,0.780637233
27368,0.168473306,0.279410347,0.552116347
27369,0.125519451,0.860772823,0.013707726
27370,0.181586301,0.801751088,0.016662611
27371,0.465624876,0.070296781,0.464078344
27372,0.043529888,0.070370972,0.88609914
27373,0.150163284,0.274394585,0.575442131
27374,0.125515037,0.176892313,0.697592649
27375,0.054409501,0.116126534,0.829463965
27376,0.153505176,0.090367353,0.756127471
27377,0.231549089,0.270712398,0.497738512
27378,0.335689006,0.230038539,0.434272456
27379,0.073670595,0.130265502,0.796063902
27380,0.172571406,0.210944631,0.616483963
27381,0.114328899,0.258103899,0.627567202
27382,0.226618259,0.344774947,0.428606794
27383,0.055992821,0.070847152,0.873160027
27384,0.097266286,0.214272807,0.688460907
27385,0.258923381,0.158417408,0.582659211
27386,0.05123271,0.102606746,0.846160544
27387,0.043387277,0.072447276,0.884165447
27388,0.048320145,0.166052932,0.785626923
27389,0.062944744,0.096632571,0.840422685
27390,0.120902952,0.142861046,0.736236002
27391,0.197199355,0.181459899,0.621340746
27392,0.083446148,0.171489822,0.74506403
27393,0.03055147,0.128814569,0.840633961
27394,0.085516583,0.176566089,0.737917329
27395,0.026710486,0.067227735,0.906061779
27396,0.107466445,0.123323903,0.769209652
27397,0.132730353,0.479412616,0.387857031
27398,0.06983337,0.080956643,0.849209987
27399,0.056763703,0.513523608,0.429712689
27400,0.098381783,0.259824739,0.641793478
27401,0.288539856,0.072633434,0.63882671
27402,0.043403209,0.600990401,0.355606391
27403,0.098590559,0.148949304,0.752460138
27404,0.238271645,0.747318882,0.014409472
27405,0.226973268,0.156859834,0.616166898
27406,0.225441491,0.211765493,0.562793016
27407,0.05174112,0.107552457,0.840706423
27408,0.076350606,0.076821428,0.846827966
27409,0.29113157,0.200920597,0.507947832
27410,0.049009995,0.178589823,0.772400182
27411,0.107294122,0.06841369,0.824292188
27412,0.139904119,0.419469162,0.440626719
27413,0.061063583,0.09622848,0.842707938
27414,0.03942574,0.355109887,0.605464372
27415,0.518753376,0.110363184,0.37088344
27416,0.049949633,0.113333636,0.836716731
